256 256
0 255 -1
0 255 -1
0 255 -1
0 255 -1
0 148 159 255 -1
0 145 160 255 -1
0 143 160 255 -1
0 141 160 255 -1
0 140 161 255 -1
0 138 161 255 -1
0 136 161 255 -1
0 135 161 255 -1
0 134 161 255 -1
0 133 161 255 -1
0 132 161 255 -1
0 131 161 255 -1
0 100 107 131 160 255 -1
0 100 109 130 160 255 -1
0 100 111 130 160 255 -1
0 103 113 129 160 255 -1
0 105 114 129 160 255 -1
0 108 115 128 160 255 -1
0 109 115 128 159 255 -1
0 110 116 128 159 255 -1
0 111 118 127 159 255 -1
0 111 119 127 159 255 -1
0 113 120 127 159 255 -1
0 114 120 127 159 255 -1
0 115 121 126 159 255 -1
0 115 121 126 159 255 -1
0 116 122 126 158 255 -1
0 116 123 126 158 255 -1
0 117 123 126 158 255 -1
0 117 124 126 158 255 -1
0 118 124 126 157 255 -1
0 118 125 126 157 255 -1
0 119 125 126 156 255 -1
0 119 126 126 155 255 -1
0 120 126 126 155 255 -1
0 120 154 255 -1
0 120 153 255 -1
0 121 152 255 -1
0 121 152 255 -1
0 122 151 255 -1
0 122 150 255 -1
0 123 150 255 -1
0 123 148 255 -1
0 123 147 255 -1
0 123 147 255 -1
0 124 146 255 -1
0 124 144 255 -1
0 124 143 255 -1
0 124 142 255 -1
0 124 160 255 -1
0 124 167 255 -1
0 108 172 255 -1
0 101 176 255 -1
0 96 179 255 -1
0 91 182 255 -1
0 88 185 255 -1
0 85 187 255 -1
0 82 189 255 -1
0 79 192 255 -1
0 77 194 255 -1
0 75 195 255 -1
0 72 197 255 -1
0 70 199 255 -1
0 69 201 255 -1
0 67 202 255 -1
0 65 204 255 -1
0 63 205 255 -1
0 62 206 255 -1
0 60 208 255 -1
0 59 209 255 -1
0 57 210 255 -1
0 56 212 255 -1
0 55 213 255 -1
0 53 214 255 -1
0 52 215 255 -1
0 51 216 255 -1
0 50 217 255 -1
0 49 218 255 -1
0 48 219 255 -1
0 46 220 255 -1
0 45 221 255 -1
0 44 222 255 -1
0 43 223 255 -1
0 43 223 255 -1
0 42 224 255 -1
0 41 225 255 -1
0 43 226 255 -1
0 44 227 255 -1
0 44 227 255 -1
0 45 228 255 -1
0 45 229 255 -1
0 45 229 255 -1
0 45 230 255 -1
0 45 231 255 -1
0 45 231 255 -1
0 45 232 255 -1
0 45 232 255 -1
0 46 233 255 -1
0 47 234 255 -1
0 48 234 255 -1
0 48 235 255 -1
0 48 235 255 -1
0 49 236 255 -1
0 49 236 255 -1
0 49 237 255 -1
0 49 237 255 -1
0 49 238 255 -1
0 49 238 255 -1
0 49 238 255 -1
0 48 239 255 -1
0 49 239 255 -1
0 49 240 255 -1
0 50 240 255 -1
0 50 240 255 -1
0 50 241 255 -1
0 51 241 255 -1
0 51 241 255 -1
0 51 242 255 -1
0 51 242 255 -1
0 51 242 255 -1
0 51 243 255 -1
0 51 243 255 -1
0 51 243 255 -1
0 51 243 255 -1
0 50 244 255 -1
0 50 244 255 -1
0 50 244 255 -1
0 50 244 255 -1
0 50 244 255 -1
0 51 245 255 -1
0 51 245 255 -1
0 51 245 255 -1
0 52 245 255 -1
0 52 245 255 -1
0 52 245 255 -1
0 52 245 255 -1
0 52 245 255 -1
0 52 246 255 -1
0 52 246 255 -1
0 52 246 255 -1
0 52 246 255 -1
0 51 246 255 -1
0 51 246 255 -1
0 51 246 255 -1
0 50 246 255 -1
0 50 246 255 -1
0 49 246 255 -1
0 48 246 255 -1
0 49 246 255 -1
0 49 246 255 -1
0 49 246 255 -1
0 49 246 255 -1
0 49 246 255 -1
0 49 246 255 -1
0 49 246 255 -1
0 49 246 255 -1
0 49 245 255 -1
0 48 245 255 -1
0 48 245 255 -1
0 48 245 255 -1
0 47 245 255 -1
0 46 245 255 -1
0 45 245 255 -1
0 45 245 255 -1
0 45 244 255 -1
0 46 244 255 -1
0 46 244 255 -1
0 46 244 255 -1
0 46 244 255 -1
0 46 243 255 -1
0 46 243 255 -1
0 46 243 255 -1
0 46 243 255 -1
0 46 242 255 -1
0 45 242 255 -1
0 45 242 255 -1
0 45 241 255 -1
0 44 241 255 -1
0 43 241 255 -1
0 43 240 255 -1
0 43 240 255 -1
0 43 240 255 -1
0 42 239 255 -1
0 41 239 255 -1
0 40 238 255 -1
0 36 238 255 -1
0 36 238 255 -1
0 36 237 255 -1
0 36 237 255 -1
0 36 236 255 -1
0 36 236 255 -1
0 36 235 255 -1
0 36 235 255 -1
0 35 234 255 -1
0 35 234 255 -1
0 34 233 255 -1
0 33 232 255 -1
0 32 232 255 -1
0 32 231 255 -1
0 33 231 255 -1
0 34 230 255 -1
0 34 229 255 -1
0 35 229 255 -1
0 36 228 255 -1
0 37 227 255 -1
0 37 227 255 -1
0 38 226 255 -1
0 39 225 255 -1
0 40 224 255 -1
0 41 223 255 -1
0 42 223 255 -1
0 43 222 255 -1
0 43 221 255 -1
0 44 220 255 -1
0 45 219 255 -1
0 46 218 255 -1
0 48 217 255 -1
0 49 216 255 -1
0 50 215 255 -1
0 51 214 255 -1
0 52 213 255 -1
0 53 212 255 -1
0 55 210 255 -1
0 56 209 255 -1
0 57 208 255 -1
0 59 206 255 -1
0 60 205 255 -1
0 62 204 255 -1
0 63 202 255 -1
0 65 201 255 -1
0 67 199 255 -1
0 69 197 255 -1
0 70 195 255 -1
0 72 194 255 -1
0 75 192 255 -1
0 77 189 255 -1
0 79 187 255 -1
0 82 185 255 -1
0 85 182 255 -1
0 88 179 255 -1
0 91 176 255 -1
0 96 172 255 -1
0 101 167 255 -1
0 108 160 255 -1
0 255 -1
0 255 -1
0 255 -1
0 255 -1
0 255 -1
0 255 -1
0 255 -1
0 255 -1
